"date","nCases","nBorderCases","nLocalCases","nCasesMovingAverage"
2020-02-26,1,1,0,NA
2020-03-02,1,1,0,NA
2020-03-04,2,1,1,NA
2020-03-05,2,2,0,1.28571428571429
2020-03-06,1,0,1,1.28571428571429
2020-03-12,1,1,0,1.28571428571429
2020-03-13,1,1,0,2
2020-03-14,1,1,0,3.42857142857143
2020-03-15,1,1,0,4
2020-03-16,7,7,0,6.42857142857143
2020-03-17,12,10,2,7.85714285714286
2020-03-18,5,4,1,11.1428571428571
2020-03-19,18,13,5,17.2857142857143
2020-03-20,11,8,3,22.1428571428571
2020-03-21,24,13,11,28.7142857142857
2020-03-22,44,29,15,40
2020-03-23,41,28,13,48.7142857142857
2020-03-24,58,40,18,57.8571428571429
2020-03-25,84,52,32,64.7142857142857
2020-03-26,79,54,25,69
2020-03-27,75,35,40,70.5714285714286
2020-03-28,72,35,37,73.2857142857143
2020-03-29,74,26,48,71.7142857142857
2020-03-30,52,19,33,72.1428571428571
2020-03-31,77,22,55,72.1428571428571
2020-04-01,73,36,37,72.8571428571429
2020-04-02,82,26,56,72.2857142857143
2020-04-03,75,15,60,72.4285714285714
2020-04-04,77,16,61,66.7142857142857
2020-04-05,70,9,61,60.2857142857143
2020-04-06,53,7,46,54.8571428571429
2020-04-07,37,8,29,48
2020-04-08,28,9,19,40.5714285714286
2020-04-09,44,4,40,33.4285714285714
2020-04-10,27,6,21,27.4285714285714
2020-04-11,25,9,16,24.4285714285714
2020-04-12,20,5,15,22
2020-04-13,11,0,11,18.1428571428571
2020-04-14,16,3,13,16
2020-04-15,11,0,11,13.8571428571429
2020-04-16,17,3,14,12.4285714285714
2020-04-17,12,3,9,11.2857142857143
2020-04-18,10,2,8,9.85714285714286
2020-04-19,10,2,8,9
2020-04-20,3,0,3,7.28571428571429
2020-04-21,6,0,6,6.42857142857143
2020-04-22,5,1,4,5.85714285714286
2020-04-23,5,1,4,4.85714285714286
2020-04-24,6,0,6,4.85714285714286
2020-04-25,6,1,5,4.14285714285714
2020-04-26,3,0,3,3.71428571428571
2020-04-27,3,0,3,3.42857142857143
2020-04-28,1,1,0,3.42857142857143
2020-04-29,2,1,1,2.71428571428571
2020-04-30,3,0,3,2.57142857142857
2020-05-01,6,0,6,2.42857142857143
2020-05-03,1,1,0,2.42857142857143
2020-05-05,2,0,2,2.28571428571429
2020-05-06,2,0,2,2
2020-05-07,1,0,1,1.57142857142857
2020-05-08,1,0,1,1.57142857142857
2020-05-09,1,1,0,1.42857142857143
2020-05-10,3,1,2,1.28571428571429
2020-05-14,1,0,1,1.42857142857143
2020-05-15,1,0,1,1.42857142857143
2020-05-22,1,0,1,1.57142857142857
2020-06-16,2,2,0,1.28571428571429
2020-06-17,1,1,0,1.57142857142857
2020-06-19,2,2,0,1.71428571428571
2020-06-20,1,1,0,1.71428571428571
2020-06-21,3,3,0,1.85714285714286
2020-06-22,2,2,0,1.85714285714286
2020-06-23,1,1,0,1.71428571428571
2020-06-24,3,3,0,2.28571428571429
2020-06-25,1,1,0,2
2020-06-26,1,1,0,1.85714285714286
2020-06-27,5,5,0,1.85714285714286
2020-06-28,1,1,0,1.57142857142857
2020-06-29,1,1,0,1.85714285714286
2020-07-01,1,1,0,2.14285714285714
2020-07-02,1,1,0,1.71428571428571
2020-07-05,3,3,0,1.85714285714286
2020-07-06,3,3,0,2.14285714285714
2020-07-07,2,2,0,2.14285714285714
2020-07-08,2,2,0,2.14285714285714
2020-07-09,3,3,0,2.14285714285714
2020-07-11,1,1,0,1.85714285714286
2020-07-13,1,1,0,1.85714285714286
2020-07-14,3,3,0,1.85714285714286
2020-07-16,1,1,0,1.57142857142857
2020-07-17,2,2,0,1.57142857142857
2020-07-18,2,2,0,1.57142857142857
2020-07-19,1,1,0,1.42857142857143
2020-07-20,1,1,0,1.42857142857143
2020-07-24,1,1,0,1.28571428571429
2020-07-27,2,2,0,1.28571428571429
2020-07-28,1,1,0,1.42857142857143
2020-07-29,1,1,0,1.71428571428571
2020-07-31,2,2,0,1.85714285714286
2020-08-01,2,2,0,2.28571428571429
2020-08-02,3,3,0,4.28571428571429
2020-08-04,2,2,0,5.85714285714286
2020-08-11,5,1,4,6.28571428571429
2020-08-12,15,2,13,8
2020-08-13,12,0,12,9.28571428571429
2020-08-14,5,0,5,10.2857142857143
2020-08-15,14,1,13,11.1428571428571
2020-08-16,12,0,12,9.71428571428571
2020-08-17,9,0,9,9
2020-08-18,11,1,10,9.28571428571429
2020-08-19,5,0,5,7.85714285714286
2020-08-20,7,2,5,7.28571428571429
2020-08-21,7,1,6,7
2020-08-22,4,2,2,6
2020-08-23,8,1,7,6.28571428571429
2020-08-24,7,0,7,6.14285714285714
2020-08-25,4,1,3,7.71428571428571
2020-08-26,7,2,5,7.71428571428571
2020-08-27,6,0,6,7.28571428571429
2020-08-28,18,9,9,8.28571428571429
2020-08-29,4,0,4,8.57142857142857
2020-08-30,5,1,4,8.28571428571429
2020-08-31,14,12,2,7.85714285714286
2020-09-01,6,2,4,6
2020-09-02,5,1,4,6.42857142857143
2020-09-03,3,1,2,6.14285714285714
2020-09-04,5,3,2,5
2020-09-05,7,2,5,5
2020-09-06,3,1,2,4.71428571428571
2020-09-07,6,2,4,4.57142857142857
2020-09-08,6,0,6,4.14285714285714
2020-09-09,3,2,1,3.42857142857143
2020-09-10,2,0,2,3.14285714285714
2020-09-11,2,0,2,3
2020-09-12,2,1,1,3.85714285714286
2020-09-13,1,0,1,3.85714285714286
2020-09-14,5,4,1,4
2020-09-16,12,7,5,3.85714285714286
2020-09-18,3,2,1,4
2020-09-19,3,1,2,4.28571428571429
2020-09-21,1,1,0,3.85714285714286
2020-09-22,3,0,3,2.28571428571429
2020-09-23,3,3,0,2.14285714285714
2020-09-24,2,1,1,2
2020-09-25,1,1,0,2
2020-09-26,2,2,0,2.42857142857143
2020-09-27,2,2,0,2.85714285714286
2020-09-28,1,1,0,2.85714285714286
2020-09-30,6,6,0,3.28571428571429
2020-10-01,6,6,0,3.28571428571429
2020-10-02,2,2,0,3.42857142857143
2020-10-03,4,4,0,3.57142857142857
2020-10-04,2,2,0,3.14285714285714
2020-10-05,3,3,0,2.71428571428571
2020-10-06,2,2,0,3
2020-10-07,3,3,0,2.85714285714286
2020-10-08,3,3,0,2.71428571428571
2020-10-09,4,4,0,2.57142857142857
2020-10-11,3,3,0,2.42857142857143
2020-10-12,1,1,0,2.71428571428571
2020-10-13,2,2,0,2.42857142857143
2020-10-14,1,1,0,2.42857142857143
2020-10-15,5,5,0,2.14285714285714
2020-10-16,1,1,0,2.14285714285714
2020-10-17,4,3,1,5
2020-10-18,1,1,0,5.42857142857143
2020-10-19,1,1,0,5.14285714285714
2020-10-20,22,22,0,7.57142857142857
2020-10-21,4,2,2,7.57142857142857
2020-10-22,3,2,1,7.57142857142857
2020-10-23,18,17,1,7.85714285714286
2020-10-25,4,4,0,5.57142857142857
2020-10-26,1,1,0,5.14285714285714
2020-10-27,3,3,0,5.57142857142857
2020-10-28,6,6,0,3.71428571428571
2020-10-29,1,1,0,3.57142857142857
2020-10-30,6,6,0,4.14285714285714
2020-10-31,5,5,0,3.85714285714286
2020-11-01,3,3,0,3.42857142857143
2020-11-02,5,3,2,3.42857142857143
2020-11-03,1,0,1,2.71428571428571
2020-11-04,3,2,1,2.85714285714286
2020-11-05,1,1,0,2.57142857142857
2020-11-06,1,0,1,2.42857142857143
2020-11-07,6,5,1,2.42857142857143
2020-11-08,1,1,0,2.42857142857143
2020-11-09,4,4,0,2.85714285714286
2020-11-10,1,1,0,3.14285714285714
2020-11-11,3,2,1,2.71428571428571
2020-11-12,4,3,1,2.71428571428571
2020-11-13,3,3,0,2.57142857142857
2020-11-14,3,2,1,2.57142857142857
2020-11-15,1,1,0,3.28571428571429
2020-11-16,3,3,0,2.85714285714286
2020-11-17,1,1,0,3
2020-11-18,8,7,1,3.42857142857143
2020-11-19,1,1,0,3.57142857142857
2020-11-20,4,4,0,4.57142857142857
2020-11-21,6,6,0,4.85714285714286
2020-11-22,2,2,0,3.85714285714286
2020-11-23,10,10,0,4.71428571428571
2020-11-24,3,3,0,4.57142857142857
2020-11-25,1,1,0,4.28571428571429
2020-11-26,7,7,0,4.42857142857143
2020-11-27,3,3,0,3.85714285714286
2020-11-28,4,4,0,3.85714285714286
2020-11-29,3,3,0,4
2020-11-30,6,6,0,3.42857142857143
2020-12-01,3,3,0,4.28571428571429
2020-12-02,2,2,0,4
2020-12-03,3,3,0,4.42857142857143
2020-12-04,9,9,0,3.85714285714286
2020-12-06,2,2,0,3.71428571428571
2020-12-07,6,6,0,3.85714285714286
2020-12-08,2,2,0,3.57142857142857
2020-12-09,2,2,0,3
2020-12-10,3,3,0,3.28571428571429
2020-12-11,1,1,0,3
2020-12-12,5,5,0,3.28571428571429
2020-12-14,4,4,0,3.28571428571429
2020-12-16,4,4,0,3.85714285714286
2020-12-17,4,4,0,4.28571428571429
2020-12-18,2,2,0,4.28571428571429
2020-12-19,7,7,0,4
2020-12-20,4,4,0,3.85714285714286
2020-12-21,5,5,0,4.14285714285714
2020-12-22,2,2,0,4.14285714285714
2020-12-23,3,3,0,3.57142857142857
2020-12-24,6,6,0,3.42857142857143
2020-12-25,2,2,0,3.57142857142857
2020-12-26,3,3,0,3.85714285714286
2020-12-27,3,3,0,4.42857142857143
2020-12-28,6,6,0,4
2020-12-29,4,4,0,4.57142857142857
2020-12-30,7,7,0,5.28571428571429
2020-12-31,3,3,0,5.28571428571429
2021-01-01,6,6,0,4.57142857142857
2021-01-02,8,8,0,4.28571428571429
2021-01-03,3,3,0,3.57142857142857
2021-01-04,1,1,0,5.71428571428571
2021-01-05,2,2,0,5.42857142857143
2021-01-06,2,2,0,5.42857142857143
2021-01-07,18,18,0,6.28571428571429
2021-01-08,4,4,0,7
2021-01-09,8,7,1,7
2021-01-10,9,9,0,7.85714285714286
2021-01-11,6,6,0,6.14285714285714
2021-01-12,2,2,0,6.42857142857143
2021-01-13,8,8,0,6
2021-01-14,6,5,1,5
2021-01-15,6,6,0,4.42857142857143
2021-01-16,5,5,0,4.42857142857143
2021-01-17,2,2,0,3.85714285714286
2021-01-18,2,2,0,3.57142857142857
2021-01-19,2,2,0,3.14285714285714
2021-01-20,4,3,1,3.28571428571429
2021-01-21,4,4,0,3.85714285714286
2021-01-22,3,3,0,3.85714285714286
2021-01-23,6,6,0,3.71428571428571
2021-01-24,6,6,0,4
2021-01-25,2,2,0,4.14285714285714
2021-01-26,1,1,0,4
2021-01-27,6,4,2,3.28571428571429
2021-01-28,5,5,0,3
2021-01-29,2,2,0,3.14285714285714
2021-02-01,1,1,0,3.57142857142857
2021-02-02,4,4,0,3
2021-02-03,3,3,0,2.57142857142857
2021-02-04,4,3,1,2.42857142857143
2021-02-05,2,2,0,2.57142857142857
2021-02-06,2,2,0,2.28571428571429
2021-02-08,1,1,0,2
2021-02-09,2,2,0,2
2021-02-10,2,2,0,2
2021-02-11,1,1,0,2.42857142857143
2021-02-12,4,4,0,2.42857142857143
2021-02-13,2,0,2,2.42857142857143
2021-02-14,5,4,1,2.85714285714286
2021-02-15,1,1,0,3.71428571428571
2021-02-16,2,1,1,3.42857142857143
2021-02-17,5,3,2,3.28571428571429
2021-02-19,7,6,1,3.28571428571429
2021-02-20,2,2,0,4.14285714285714
2021-02-21,1,0,1,4.14285714285714
2021-02-22,5,5,0,3.71428571428571
2021-02-23,7,4,3,2.85714285714286
2021-02-24,2,2,0,3.14285714285714
2021-02-25,2,1,1,3.42857142857143
2021-02-26,1,0,1,3.28571428571429
2021-02-27,4,2,2,2.42857142857143
2021-02-28,3,2,1,3
2021-03-01,4,4,0,4
2021-03-02,1,1,0,4
2021-03-03,6,6,0,4.42857142857143
2021-03-05,9,9,0,4.42857142857143
2021-03-06,1,1,0,4
2021-03-07,7,7,0,5
2021-03-08,3,3,0,4.28571428571429
2021-03-09,1,1,0,3.42857142857143
2021-03-10,8,8,0,3.42857142857143
2021-03-11,1,1,0,3.42857142857143
2021-03-12,3,3,0,3.14285714285714
2021-03-13,1,1,0,3.28571428571429
2021-03-14,7,7,0,3.14285714285714
2021-03-15,1,1,0,3.14285714285714
2021-03-16,2,2,0,3.57142857142857
2021-03-17,7,7,0,4.28571428571429
2021-03-18,1,1,0,4
2021-03-19,6,6,0,4.85714285714286
2021-03-20,6,6,0,5
2021-03-21,5,5,0,4.71428571428571
2021-03-22,7,6,1,5
2021-03-23,3,3,0,4.28571428571429
2021-03-24,5,5,0,3.71428571428571
2021-03-25,3,3,0,4.42857142857143
2021-03-26,1,1,0,3.71428571428571
2021-03-27,2,2,0,3.57142857142857
2021-03-28,10,10,0,3.57142857142857
2021-03-29,2,2,0,3.71428571428571
2021-03-30,2,2,0,3.71428571428571
2021-03-31,5,5,0,4.42857142857143
2021-04-02,4,4,0,4.42857142857143
2021-04-03,1,1,0,5.14285714285714
2021-04-04,7,7,0,7.57142857142857
2021-04-05,10,10,0,7.57142857142857
2021-04-06,7,7,0,8.14285714285714
2021-04-07,19,18,1,8.85714285714286
2021-04-08,5,5,0,9
2021-04-09,8,8,0,8.14285714285714
2021-04-10,6,6,0,7.28571428571429
2021-04-11,8,7,1,4.85714285714286
2021-04-12,4,4,0,4.57142857142857
2021-04-13,1,1,0,3.71428571428571
2021-04-14,2,2,0,3.14285714285714
2021-04-15,3,2,1,2.28571428571429
2021-04-16,2,2,0,1.85714285714286
2021-04-17,2,2,0,2.28571428571429
2021-04-18,2,1,1,2.28571428571429
2021-04-20,1,0,1,2.42857142857143
2021-04-21,4,3,1,2.71428571428571
2021-04-23,2,2,0,2.71428571428571
2021-04-25,4,4,0,2.71428571428571
2021-04-26,4,4,0,2.71428571428571
2021-04-27,2,2,0,2.71428571428571
2021-04-28,2,2,0,2.85714285714286
2021-04-29,1,1,0,2.85714285714286
2021-04-30,4,4,0,2.42857142857143
2021-05-01,3,3,0,2.71428571428571
2021-05-02,4,4,0,2.57142857142857
2021-05-03,1,1,0,3.14285714285714
2021-05-04,4,4,0,3
2021-05-05,1,1,0,2.71428571428571
2021-05-06,5,5,0,2.28571428571429
2021-05-07,3,3,0,2.28571428571429
2021-05-08,1,1,0,1.85714285714286
2021-05-09,1,1,0,1.85714285714286
2021-05-11,1,1,0,1.85714285714286
2021-05-12,1,1,0,1.57142857142857
2021-05-15,1,1,0,2.28571428571429
2021-05-16,5,5,0,2.28571428571429
2021-05-17,1,1,0,2.28571428571429
2021-05-18,6,6,0,2.57142857142857
2021-05-19,1,1,0,3
2021-05-20,1,1,0,2.57142857142857
2021-05-21,3,3,0,2.57142857142857
2021-05-23,4,4,0,1.85714285714286
2021-05-24,2,2,0,1.85714285714286
2021-05-25,1,1,0,2
2021-05-27,1,1,0,2.28571428571429
2021-05-29,1,1,0,2
2021-05-30,2,2,0,1.85714285714286
2021-06-01,5,5,0,2
2021-06-02,2,2,0,2.28571428571429
2021-06-03,1,1,0,2.71428571428571
2021-06-04,2,2,0,3.28571428571429
2021-06-06,3,3,0,2.71428571428571
2021-06-07,4,4,0,3.14285714285714
2021-06-08,6,6,0,3.57142857142857
2021-06-09,1,1,0,3.71428571428571
2021-06-10,5,5,0,3.42857142857143
2021-06-11,4,4,0,3.14285714285714
2021-06-12,3,3,0,2.42857142857143
2021-06-14,1,1,0,2.57142857142857
2021-06-16,2,2,0,2.14285714285714
2021-06-17,1,1,0,1.85714285714286
2021-06-18,2,2,0,2
2021-06-19,2,2,0,2
2021-06-20,2,2,0,2
2021-06-22,4,4,0,2.28571428571429
2021-06-23,1,1,0,2.42857142857143
2021-06-24,2,2,0,3
2021-06-25,3,3,0,3.42857142857143
2021-06-26,3,3,0,3
2021-06-27,6,6,0,3
2021-06-28,5,5,0,3.14285714285714
2021-06-29,1,1,0,3.14285714285714
2021-06-30,1,1,0,3.14285714285714
2021-07-01,3,3,0,3.57142857142857
2021-07-02,3,3,0,3
2021-07-03,3,3,0,3.57142857142857
2021-07-04,9,9,0,3.71428571428571
2021-07-05,1,1,0,3.71428571428571
2021-07-06,5,5,0,3.71428571428571
2021-07-07,2,2,0,5.42857142857143
2021-07-10,3,3,0,7.28571428571429
2021-07-11,3,3,0,7.42857142857143
2021-07-12,15,15,0,7.57142857142857
2021-07-14,22,22,0,7.85714285714286
2021-07-15,2,2,0,7.85714285714286
2021-07-16,6,6,0,8.28571428571429
2021-07-17,4,4,0,7.28571428571429
2021-07-18,3,3,0,5
2021-07-19,6,6,0,5.42857142857143
2021-07-20,8,8,0,5
2021-07-21,6,6,0,4.57142857142857
2021-07-22,5,5,0,4.42857142857143
2021-07-23,3,3,0,3.71428571428571
2021-07-24,1,1,0,3.42857142857143
2021-07-26,2,2,0,3.14285714285714
2021-07-27,1,1,0,3
2021-07-28,6,6,0,2.85714285714286
2021-07-30,4,4,0,3
2021-08-01,4,4,0,2.85714285714286
2021-08-02,2,2,0,3
2021-08-03,2,2,0,2.71428571428571
2021-08-05,1,1,0,3.85714285714286
2021-08-06,2,2,0,3.71428571428571
2021-08-07,4,4,0,3.85714285714286
2021-08-08,12,12,0,4.71428571428571
2021-08-09,3,3,0,5
2021-08-10,3,3,0,5.14285714285714
2021-08-11,8,8,0,5.14285714285714
2021-08-13,3,3,0,5.14285714285714
2021-08-14,3,3,0,6.42857142857143
2021-08-15,4,4,0,8.85714285714286
2021-08-17,12,7,5,10.8571428571429
2021-08-18,12,8,4,14.8571428571429
2021-08-19,20,4,16,20
2021-08-20,22,2,20,25.1428571428571
2021-08-21,31,4,27,32.2857142857143
2021-08-22,39,3,36,40.1428571428571
2021-08-23,40,2,38,48.8571428571429
2021-08-24,62,2,60,56.8571428571429
2021-08-25,67,1,66,63.5714285714286
2021-08-26,81,2,79,66
2021-08-27,78,1,77,69.2857142857143
2021-08-28,78,0,78,68.7142857142857
2021-08-29,56,2,54,66
2021-08-30,63,0,63,58.5714285714286
2021-08-31,58,0,58,50.8571428571429
2021-09-01,48,4,44,43.5714285714286
2021-09-02,29,1,28,38.2857142857143
2021-09-03,24,2,22,33.1428571428571
2021-09-04,27,3,24,26.8571428571429
2021-09-05,19,4,15,23.1428571428571
2021-09-06,27,1,26,20.8571428571429
2021-09-07,14,1,13,21
2021-09-08,22,8,14,19.7142857142857
2021-09-09,13,3,10,23
2021-09-10,25,3,22,21.5714285714286
2021-09-11,18,3,15,21.1428571428571
2021-09-12,42,2,40,20.8571428571429
2021-09-13,17,3,14,21
2021-09-14,11,1,10,20.7142857142857
2021-09-15,20,4,16,21.5714285714286
2021-09-16,14,4,10,19.1428571428571
2021-09-17,23,2,21,18.2857142857143
2021-09-18,24,1,23,20.2857142857143
2021-09-19,25,1,24,19.8571428571429
2021-09-20,11,0,11,19.5714285714286
2021-09-21,25,1,24,18
2021-09-22,17,2,15,17.8571428571429
2021-09-23,12,2,10,16.4285714285714
2021-09-24,12,1,11,16.1428571428571
2021-09-25,23,1,22,19
2021-09-26,15,2,13,20.4285714285714
2021-09-27,9,2,7,21.2857142857143
2021-09-28,45,0,45,23.7142857142857
2021-09-29,27,3,24,24.4285714285714
2021-09-30,18,0,18,26.1428571428571
2021-10-01,29,0,29,28.7142857142857
2021-10-02,28,0,28,28.2857142857143
2021-10-03,27,2,25,29.8571428571429
2021-10-04,27,1,26,33.1428571428571
2021-10-05,42,2,40,34.7142857142857
2021-10-06,38,2,36,37.7142857142857
2021-10-07,41,3,38,40.1428571428571
2021-10-08,40,0,40,41.5714285714286
2021-10-09,49,1,48,42.8571428571429
2021-10-10,44,0,44,50.2857142857143
2021-10-11,37,1,36,52.2857142857143
2021-10-12,51,2,49,52.2857142857143
2021-10-13,90,1,89,53
2021-10-14,55,0,55,58.4285714285714
2021-10-15,40,0,40,65.4285714285714
2021-10-16,54,1,53,71
2021-10-17,82,7,75,72.7142857142857
2021-10-18,86,6,80,81.4285714285714
2021-10-19,90,2,88,90.1428571428571
2021-10-20,102,4,98,95.5714285714286
2021-10-21,116,0,116,98.8571428571429
2021-10-22,101,6,95,97.1428571428571
2021-10-23,92,2,90,96.7142857142857
2021-10-24,105,0,105,98
2021-10-25,74,1,73,103.285714285714
2021-10-26,87,2,85,105.571428571429
2021-10-27,111,6,105,115.571428571429
2021-10-28,153,3,150,122.857142857143
2021-10-29,117,3,114,128.428571428571
2021-10-30,162,3,159,133.142857142857
2021-10-31,156,2,154,142
2021-11-01,113,5,108,146
2021-11-02,120,5,115,151.285714285714
2021-11-03,173,3,170,152.428571428571
2021-11-04,181,2,179,151.571428571429
2021-11-05,154,2,152,153.142857142857
2021-11-06,170,2,168,158.714285714286
2021-11-07,150,2,148,166.285714285714
2021-11-08,124,3,121,171
2021-11-09,159,1,158,173.571428571429
2021-11-10,226,0,226,170.285714285714
2021-11-11,214,2,212,180.428571428571
2021-11-12,172,2,170,188.857142857143
2021-11-13,147,1,146,189.714285714286
2021-11-14,221,0,221,186.285714285714
2021-11-15,183,0,183,180.857142857143
2021-11-16,165,0,165,180.857142857143
2021-11-17,202,1,201,189.571428571429
2021-11-18,176,0,176,187.285714285714
2021-11-19,172,3,169,187.714285714286
2021-11-20,208,2,206,190.142857142857
2021-11-21,205,1,204,189.142857142857
2021-11-22,186,4,182,192.285714285714
2021-11-23,182,1,181,191.428571428571
2021-11-24,195,7,188,181.285714285714
2021-11-25,198,3,195,177
2021-11-26,166,8,158,169.142857142857
2021-11-27,137,1,136,162.714285714286
2021-11-28,175,3,172,153.857142857143
2021-11-29,131,4,127,141.428571428571
2021-11-30,137,1,136,136
2021-12-01,133,2,131,131
2021-12-02,111,3,108,120.142857142857
2021-12-03,128,3,125,114
2021-12-04,102,2,100,109.714285714286
2021-12-05,99,1,98,106.857142857143
2021-12-06,88,1,87,104.285714285714
2021-12-07,107,2,105,98.4285714285714
2021-12-08,113,1,112,97.7142857142857
2021-12-09,93,2,91,93.8571428571429
2021-12-10,87,2,85,90.5714285714286
2021-12-11,97,2,95,86.2857142857143
2021-12-12,72,0,72,84.5714285714286
2021-12-13,65,1,64,82.7142857142857
2021-12-14,77,2,75,79.8571428571429
2021-12-15,101,4,97,77
2021-12-16,80,4,76,73.1428571428571
2021-12-17,67,9,58,69.1428571428571
2021-12-18,77,5,72,66.4285714285714
2021-12-19,45,2,43,64.2857142857143
2021-12-20,37,10,27,60.1428571428571
2021-12-21,58,3,55,62.8571428571429
2021-12-22,86,8,78,58.5714285714286
2021-12-23,51,5,46,57.4285714285714
2021-12-24,86,6,80,57.1428571428571
2021-12-25,47,3,44,59.4285714285714
2021-12-26,37,12,25,53.8571428571429
2021-12-27,35,13,22,56
2021-12-28,74,9,65,53.8571428571429
2021-12-29,47,10,37,56.4285714285714
2021-12-30,66,13,53,58.7142857142857
2021-12-31,71,18,53,60.5714285714286
2022-01-01,65,19,46,56.5714285714286
2022-01-02,53,30,23,58.1428571428571
2022-01-03,48,19,29,59.2857142857143
2022-01-04,46,24,22,58.2857142857143
2022-01-05,58,41,17,58.1428571428571
2022-01-06,74,26,48,59.2857142857143
2022-01-07,64,29,35,59.8571428571429
2022-01-08,64,31,33,63
2022-01-09,61,29,32,63
2022-01-10,52,34,18,59.1428571428571
2022-01-11,68,43,25,57.5714285714286
2022-01-12,58,29,29,61.1428571428571
2022-01-13,47,26,21,56.8571428571429
2022-01-14,53,28,25,61
2022-01-15,89,63,26,60.7142857142857
2022-01-16,31,20,11,61
2022-01-17,81,67,14,65.4285714285714
2022-01-18,66,28,38,68.1428571428571
2022-01-19,60,31,29,66.4285714285714
2022-01-20,78,48,30,73.2857142857143
2022-01-21,72,36,36,71.1428571428571
2022-01-22,77,50,27,70.2857142857143
2022-01-23,79,58,21,79.2857142857143
2022-01-24,66,41,25,90.7142857142857
2022-01-25,60,35,25,104.142857142857
2022-01-26,123,61,62,120.285714285714
2022-01-27,158,48,110,128.285714285714
2022-01-28,166,66,100,144.142857142857
2022-01-29,190,47,143,161.714285714286
2022-01-30,135,42,93,173.428571428571
2022-01-31,177,62,115,191.428571428571
2022-02-01,183,53,130,209.142857142857
2022-02-02,205,50,155,212.285714285714
2022-02-03,284,45,239,226.285714285714
2022-02-04,290,50,240,242.428571428571
2022-02-05,212,33,179,243.142857142857
2022-02-06,233,22,211,278.142857142857
2022-02-07,290,64,226,304.714285714286
2022-02-08,188,30,158,360.428571428571
2022-02-09,450,31,419,436
2022-02-10,470,23,447,501.285714285714
2022-02-11,680,22,658,569
2022-02-12,741,35,706,713.285714285714
2022-02-13,690,20,670,871.714285714286
2022-02-14,764,20,744,1079
2022-02-15,1198,31,1167,1234.85714285714
2022-02-16,1559,16,1543,1488
2022-02-17,1921,23,1898,1688.85714285714
2022-02-18,1771,10,1761,1987
2022-02-19,2513,11,2502,2308
2022-02-20,2096,7,2089,2652
2022-02-21,2851,14,2837,3149.71428571429
2022-02-22,3445,12,3433,6377
2022-02-23,3967,7,3960,7842.85714285714
2022-02-24,5405,17,5388,9627.71428571429
2022-02-25,24362,5,24357,12064.7142857143
2022-02-26,12774,16,12758,14750.8571428571
2022-02-27,14590,17,14573,17499.7142857143
2022-02-28,19910,11,19899,19948.1428571429
2022-03-01,22248,3,22245,19174.7142857143
2022-03-02,23209,3,23206,19528.2857142857
2022-03-03,22544,3,22541,19943.1428571429
2022-03-04,18948,6,18942,20519.5714285714
2022-03-05,15249,1,15248,20554
2022-03-06,17494,3,17491,20245.2857142857
2022-03-07,23945,17,23928,20034.5714285714
2022-03-08,22489,8,22481,20003.7142857143
2022-03-09,21048,10,21038,19900.1428571429
2022-03-10,21069,12,21057,19628.5714285714
2022-03-11,18732,8,18724,19302.1428571429
2022-03-12,14524,13,14511,18880.2857142857
2022-03-13,15593,13,15580,18674.4285714286
2022-03-14,21660,8,21652,18108.5714285714
2022-03-15,19536,17,19519,17665.4285714286
2022-03-16,19607,23,19584,17311
2022-03-17,17108,20,17088,17154.1428571429
2022-03-18,15630,25,15605,17056.7142857143
2022-03-19,12043,18,12025,17147.2857142857
2022-03-20,14495,25,14470,16989
2022-03-21,20978,20,20958,16822.7142857143
2022-03-22,20170,28,20142,16618.8571428571
2022-03-23,18499,34,18465,16425.1428571429
2022-03-24,15944,19,15925,16146.8571428571
2022-03-25,14203,26,14177,15610
2022-03-26,10687,24,10663,15013.4285714286
2022-03-27,12547,39,12508,14559.1428571429
2022-03-28,17220,33,17187,14218.7142857143
2022-03-29,15994,28,15966,13860.1428571429
2022-03-30,15319,27,15292,13598.1428571429
2022-03-31,13561,37,13524,13273
2022-04-01,11693,32,11661,12844.7142857143
2022-04-02,8853,21,8832,12372.1428571429
2022-04-03,10271,21,10250,11861.8571428571
2022-04-04,14222,33,14189,11359
2022-04-05,12686,31,12655,10916.5714285714
2022-04-06,11747,43,11704,10621.8571428571
2022-04-07,10041,53,9988,10252.2857142857
2022-04-08,8596,21,8575,9823.42857142857
2022-04-09,6790,26,6764,9381.71428571429
2022-04-10,7684,35,7649,9090.14285714286
2022-04-11,11220,39,11181,8784.42857142857
2022-04-12,9594,38,9556,8387.14285714286
2022-04-13,9706,54,9652,8275.71428571429
2022-04-14,7901,54,7847,8082.14285714286
2022-04-15,5815,52,5763,7687.28571428571
2022-04-16,6010,42,5968,7943.14285714286
2022-04-17,6329,41,6288,8044.28571428571
2022-04-18,8456,46,8410,8276
2022-04-19,11385,62,11323,8595.71428571429
2022-04-20,10414,71,10343,8559.28571428571
2022-04-21,9523,59,9464,8481.42857142857
2022-04-22,8053,54,7999,8206.71428571429
2022-04-23,5755,50,5705,8015.85714285714
2022-04-24,5784,66,5718,7850.14285714286
2022-04-25,6533,66,6467,7692.28571428571
2022-04-26,10049,84,9965,7573.28571428571
2022-04-27,9254,89,9165,7583.57142857143
2022-04-28,8418,79,8339,7729.57142857143
2022-04-29,7220,82,7138,8129.28571428571
2022-04-30,5827,67,5760,7952.71428571429
2022-05-01,6806,103,6703,7897.85714285714
2022-05-02,9331,129,9202,7775.42857142857
2022-05-03,8813,133,8680,7733.57142857143
2022-05-04,8870,102,8768,7731.14285714286
2022-05-05,7561,86,7475,7695
2022-05-06,6927,88,6839,7711.71428571429
2022-05-07,5810,79,5731,7625.42857142857
2022-05-08,6553,60,6493,7734.14285714286
2022-05-09,9448,80,9368,7744.14285714286
2022-05-10,8209,83,8126,7787
2022-05-11,9631,87,9544,7801.71428571429
2022-05-12,7631,81,7550,7897.85714285714
2022-05-13,7227,67,7160,7990.28571428571
2022-05-14,5913,76,5837,8215.42857142857
2022-05-15,7226,51,7175,8177.14285714286
2022-05-16,10095,69,10026,8237.14285714286
2022-05-17,9785,94,9691,8184.42857142857
2022-05-18,9363,92,9271,8075.14285714286
2022-05-19,8051,105,7946,7921.42857142857
2022-05-20,6858,87,6771,7719
2022-05-21,5148,65,5083,7520.42857142857
2022-05-22,6150,63,6087,7302.71428571429
2022-05-23,8678,71,8607,7170.71428571429
2022-05-24,8395,84,8311,7123.42857142857
2022-05-25,7839,80,7759,7096.71428571429
2022-05-26,7127,94,7033,7074
2022-05-27,6527,62,6465,7078.42857142857
2022-05-28,4961,48,4913,7089.42857142857
2022-05-29,5991,56,5935,7131.57142857143
2022-05-30,8709,86,8623,7033.71428571429
2022-05-31,8472,94,8378,7030.28571428571
2022-06-01,8134,100,8034,6969.42857142857
2022-06-02,6442,71,6371,6764.42857142857
2022-06-03,6503,84,6419,6374.57142857143
2022-06-04,4535,54,4481,6212.57142857143
2022-06-05,4556,64,4492,6227.28571428571
2022-06-06,5980,57,5923,6241.28571428571
2022-06-07,7338,73,7265,6074.42857142857
2022-06-08,8237,103,8134,6079.57142857143
2022-06-09,6540,90,6450,6089.14285714286
2022-06-10,5335,74,5261,6152.71428571429
2022-06-11,4571,79,4492,5934.42857142857
2022-06-12,4623,70,4553,5572.28571428571
2022-06-13,6425,87,6338,5364.57142857143
2022-06-14,5810,73,5737,5256.28571428571
2022-06-15,5702,113,5589,5084.28571428571
2022-06-16,5086,68,5018,5022.85714285714
2022-06-17,4577,62,4515,4944.71428571429
2022-06-18,3367,55,3312,4938
2022-06-19,4193,66,4127,4915.71428571429
2022-06-20,5878,72,5806,4909.28571428571
2022-06-21,5763,84,5679,4828.28571428571
2022-06-22,5546,111,5435,5006.28571428571
2022-06-23,5041,127,4914,5232.14285714286
2022-06-24,4010,105,3905,5589.14285714286
2022-06-25,4613,95,4518,5927.42857142857
2022-06-26,5774,115,5659,6258
2022-06-27,8377,147,8230,6596.14285714286
2022-06-28,8131,206,7925,6998.57142857143
2022-06-29,7860,219,7641,7122.71428571429
2022-06-30,7408,220,7188,7238.42857142857
2022-07-01,6827,171,6656,7446
2022-07-02,5482,190,5292,7793.14285714286
2022-07-03,6584,152,6432,8232.57142857143
2022-07-04,9830,198,9632,8540.85714285714
2022-07-05,10561,243,10318,8930.57142857143
2022-07-06,10936,379,10557,9257.28571428571
2022-07-07,9566,277,9289,9558.14285714286
2022-07-08,9555,262,9293,9846.14285714286
2022-07-09,7769,294,7475,10020.1428571429
2022-07-10,8690,284,8406,10131
2022-07-11,11846,309,11537,10306.7142857143
2022-07-12,11779,351,11428,10302.5714285714
2022-07-13,11712,334,11378,10162.7142857143
2022-07-14,10796,336,10460,10022.1428571429
2022-07-15,9526,315,9211,9865.57142857143
2022-07-16,6790,287,6503,9708.57142857143
2022-07-17,7706,347,7359,9512.42857142857
2022-07-18,10750,351,10399,9263.85714285714
2022-07-19,10680,398,10282,9054.85714285714
2022-07-20,10339,380,9959,8960.14285714286
2022-07-21,9056,361,8695,8861.85714285714
2022-07-22,8063,345,7718,8708.57142857143
2022-07-23,6127,336,5791,8486.85714285714
2022-07-24,7018,370,6648,8142.85714285714
2022-07-25,9677,429,9248,7979
2022-07-26,9128,401,8727,7751
2022-07-27,7931,311,7620,7546.28571428571
2022-07-28,7909,319,7590,7305.42857142857
2022-07-29,6467,247,6220,6974.57142857143
2022-07-30,4694,235,4459,6628.42857142857
2022-07-31,5332,253,5079,6401.14285714286
2022-08-01,7361,276,7085,6057.14285714286
2022-08-02,6705,268,6437,5832.42857142857
2022-08-03,6340,209,6131,5683
2022-08-04,5501,209,5292,5500.14285714286
2022-08-05,4894,106,4788,5321.71428571429
2022-08-06,3648,226,3422,5135.42857142857
2022-08-07,4052,164,3888,4944.57142857143
2022-08-08,6112,204,5908,4770.28571428571
2022-08-09,5401,229,5172,4602.57142857143
2022-08-10,5004,202,4802,4497.14285714286
2022-08-11,4281,161,4120,4406.71428571429
2022-08-12,3720,91,3629,4243.85714285714
2022-08-13,2910,153,2757,4138.57142857143
2022-08-14,3419,167,3252,4084
2022-08-15,4972,169,4803,4028.85714285714
2022-08-16,4664,180,4484,3984.85714285714
2022-08-17,4622,162,4460,3902.42857142857
2022-08-18,3895,143,3752,3803.85714285714
2022-08-19,3412,123,3289,3639.14285714286
2022-08-20,2333,121,2212,3441.85714285714
2022-08-21,2729,133,2596,3195.71428571429
2022-08-22,3819,139,3680,2993.85714285714
2022-08-23,3283,147,3136,2830.85714285714
2022-08-24,2899,143,2756,2706.71428571429
2022-08-25,2482,168,2314,2558.85714285714
2022-08-26,2271,136,2135,2380.42857142857
2022-08-27,1464,92,1372,2246.42857142857
2022-08-28,1694,98,1596,2145.85714285714
2022-08-29,2570,124,2446,2061.28571428571
2022-08-30,2345,107,2238,1980.28571428571
2022-08-31,2195,139,2056,1936.14285714286
2022-09-01,1890,99,1791,1884.71428571429
2022-09-02,1704,96,1608,1822.71428571429
2022-09-03,1155,84,1071,1757.85714285714
2022-09-04,1334,99,1235,1692.28571428571
2022-09-05,2136,115,2021,1643.28571428571
2022-09-06,1891,109,1782,1609
2022-09-07,1736,88,1648,1588.14285714286
2022-09-08,1547,67,1480,1567.42857142857
2022-09-09,1464,87,1377,1551
2022-09-10,1009,70,939,1508.85714285714
2022-09-11,1189,76,1113,1487.85714285714
2022-09-12,2021,77,1944,1456.14285714286
2022-09-13,1596,59,1537,1410.71428571429
2022-09-14,1589,36,1553,1393
2022-09-15,1325,19,1306,1369.14285714286
2022-09-16,1146,16,1130,1340
2022-09-17,885,11,874,1343.71428571429
2022-09-18,1022,6,1016,1352.28571428571
2022-09-19,1817,5,1812,1383
2022-09-20,1622,0,1622,1403.42857142857
2022-09-21,1649,0,1649,1407.42857142857
2022-09-22,1540,0,1540,1397.71428571429
2022-09-23,1289,0,1289,1317.57142857143
2022-09-24,913,0,913,1362.85714285714
2022-09-25,954,0,954,1364.57142857143
2022-09-26,1256,0,1256,1369.71428571429
2022-09-27,1939,0,1939,1392.14285714286
2022-09-28,1661,0,1661,1394.14285714286
2022-09-29,1576,0,1576,1421.42857142857
2022-09-30,1446,0,1446,1498.71428571429
2022-10-01,927,0,927,1483.42857142857
2022-10-02,1145,0,1145,1498.57142857143
2022-10-03,1797,0,1797,1521.57142857143
2022-10-04,1832,0,1832,1535.14285714286
2022-10-05,1767,0,1767,1564.85714285714
2022-10-06,1737,0,1737,1598.42857142857
2022-10-07,1541,0,1541,1690.85714285714
2022-10-08,1135,0,1135,1745.28571428571
2022-10-09,1380,0,1380,1825.71428571429
2022-10-10,2444,0,2444,1888.14285714286
2022-10-11,2213,0,2213,1940.42857142857
2022-10-12,2330,0,2330,1988.14285714286
2022-10-13,2174,0,2174,2041.14285714286
2022-10-14,1907,0,1907,2109.57142857143
2022-10-15,1469,0,1469,2211.14285714286
2022-10-16,1751,0,1751,2254.71428571429
2022-10-17,2923,0,2923,2291.71428571429
2022-10-18,2924,0,2924,2333.14285714286
2022-10-19,2635,0,2635,2350.14285714286
2022-10-20,2433,0,2433,2334
2022-10-21,2197,0,2197,2260.71428571429
2022-10-22,1588,0,1588,2403.42857142857
2022-10-23,1638,0,1638,2538
2022-10-24,2410,0,2410,2643.42857142857
2022-10-25,3923,0,3923,2739.14285714286
2022-10-26,3577,0,3577,2818.28571428571
2022-10-27,3171,0,3171,2926.57142857143
2022-10-28,2867,0,2867,3133.14285714286
2022-10-29,2142,0,2142,3072
2022-10-30,2396,0,2396,3036.57142857143
2022-10-31,3856,0,3856,3033.28571428571
2022-11-01,3495,0,3495,3012.14285714286
2022-11-02,3329,0,3329,2980.85714285714
2022-11-03,3148,0,3148,2969
2022-11-04,2719,0,2719,2977
2022-11-05,1923,0,1923,2987.85714285714
2022-11-06,2313,0,2313,3012.85714285714
2022-11-07,3912,0,3912,3017.28571428571
2022-11-08,3571,0,3571,3025.42857142857
2022-11-09,3504,0,3504,3051.71428571429
2022-11-10,3179,0,3179,3080.71428571429
2022-11-11,2776,0,2776,3133.85714285714
2022-11-12,2107,0,2107,3173.14285714286
2022-11-13,2516,0,2516,3198.71428571429
2022-11-14,4284,0,4284,3155
2022-11-15,3846,0,3846,3377
2022-11-16,3683,0,3683,3415.42857142857
2022-11-17,2873,0,2873,3435.28571428571
2022-11-18,4330,0,4330,3503.85714285714
2022-11-19,2376,0,2376,3609.85714285714
2022-11-20,2655,0,2655,3698.42857142857
2022-11-21,4764,0,4764,3847.28571428571
2022-11-22,4588,0,4588,3735.28571428571
2022-11-23,4303,0,4303,3783.57142857143
2022-11-24,3915,0,3915,3865.57142857143
2022-11-25,3546,0,3546,4041.42857142857
2022-11-26,2714,0,2714,4229.85714285714
2022-11-27,3229,0,3229,4447.42857142857
2022-11-28,5995,0,5995,4604.42857142857
2022-11-29,5907,0,5907,4746.85714285714
2022-11-30,5826,0,5826,4832.14285714286
2022-12-01,5014,0,5014,4928.85714285714
2022-12-02,4543,0,4543,5142.85714285714
2022-12-03,3311,0,3311,5257.57142857143
2022-12-04,3906,0,3906,5327.28571428571
2022-12-05,7493,0,7493,5411.57142857143
2022-12-06,6710,0,6710,5527.28571428571
2022-12-07,6314,0,6314,5604
2022-12-08,5604,0,5604,5722.14285714286
2022-12-09,5353,0,5353,5857.85714285714
2022-12-10,3848,0,3848,5972.28571428571
2022-12-11,4733,0,4733,6082.28571428571
2022-12-12,8443,0,8443,6212.42857142857
2022-12-13,7511,0,7511,6207
2022-12-14,7084,0,7084,6203.85714285714
2022-12-15,6515,0,6515,6100.57142857143
2022-12-16,5315,0,5315,5870.85714285714
2022-12-17,3826,0,3826,5673.71428571429
2022-12-18,4010,0,4010,5424.28571428571
2022-12-19,6835,0,6835,5158.42857142857
2022-12-20,6131,0,6131,4977.71428571429
2022-12-21,5338,0,5338,4833.28571428571
2022-12-22,4654,0,4654,4569.57142857143
2022-12-23,4050,0,4050,4058.14285714286
2022-12-24,2815,0,2815,3702.42857142857
2022-12-25,2164,0,2164,3594
2022-12-26,3255,0,3255,3474.57142857143
2022-12-27,3641,0,3641,3369.14285714286
2022-12-28,4579,0,4579,3291
2022-12-29,3818,0,3818,3249
2022-12-30,3312,0,3312,3151.42857142857
2022-12-31,2268,0,2268,3072.57142857143
2023-01-01,1870,0,1870,3045.28571428571
2023-01-02,2572,0,2572,3012.14285714286
2023-01-03,3089,0,3089,3002.42857142857
2023-01-04,4388,0,4388,3013.71428571429
2023-01-05,3586,0,3586,3093.71428571429
2023-01-06,3244,0,3244,3303.14285714286
2023-01-07,2347,0,2347,3363.57142857143
2023-01-08,2430,0,2430,3178.71428571429
2023-01-09,4038,0,4038,3064
2023-01-10,3512,0,3512,2948.14285714286
2023-01-11,3094,0,3094,2842.42857142857
2023-01-12,2783,0,2783,2739.57142857143
2023-01-13,2433,0,2433,2592.85714285714
2023-01-14,1607,0,1607,2460.28571428571
2023-01-15,1710,0,1710,2348.57142857143
2023-01-16,3011,0,3011,2229.14285714286
2023-01-17,2584,0,2584,2125.85714285714
2023-01-18,2312,0,2312,2049.14285714286
2023-01-19,1947,0,1947,1981.85714285714
2023-01-20,1710,0,1710,1856
2023-01-21,1070,0,1070,1755
2023-01-22,1239,0,1239,1673.42857142857
2023-01-23,2130,0,2130,1620.71428571429
2023-01-24,1877,0,1877,1567.42857142857
2023-01-25,1741,1,1740,1537.28571428571
2023-01-26,1578,0,1578,1510.57142857143
2023-01-27,1337,0,1337,1436
2023-01-28,859,0,859,1411
2023-01-29,1052,0,1052,1373.71428571429
2023-01-30,1608,0,1608,1335.71428571429
2023-01-31,1702,0,1702,1303.14285714286
2023-02-01,1480,0,1480,1300
2023-02-02,1312,1,1311,1263.85714285714
2023-02-03,1109,0,1109,1188.57142857143
2023-02-04,837,0,837,1179.85714285714
2023-02-05,799,1,798,1158.14285714286
2023-02-06,1081,0,1081,1141.28571428571
2023-02-07,1641,0,1641,1138.57142857143
2023-02-08,1328,0,1328,1131.85714285714
2023-02-09,1194,1,1193,1147.85714285714
2023-02-10,1090,0,1090,1207.57142857143
2023-02-11,790,0,790,1159.71428571429
2023-02-12,911,0,911,1144.28571428571
2023-02-13,1499,0,1499,1134.14285714286
2023-02-14,1306,0,1306,1135.71428571429
2023-02-15,1220,0,1220,1140
2023-02-16,1123,0,1123,1161.14285714286
2023-02-17,1101,0,1101,1190.42857142857
2023-02-18,820,0,820,1211.14285714286
2023-02-19,1059,0,1059,1233.14285714286
2023-02-20,1704,0,1704,1254.71428571429
2023-02-21,1451,0,1451,1260.42857142857
2023-02-22,1374,0,1374,1269.57142857143
2023-02-23,1274,0,1274,1281
2023-02-24,1141,0,1141,1335.42857142857
2023-02-25,884,0,884,1399.28571428571
2023-02-26,1139,0,1139,1459.14285714286
2023-02-27,2085,0,2085,1528.14285714286
2023-02-28,1898,0,1898,1595.57142857143
2023-03-01,1793,0,1793,1617.28571428571
2023-03-02,1757,0,1757,1632.71428571429
2023-03-03,1613,0,1613,1640.42857142857
2023-03-04,1036,0,1036,1622.57142857143
2023-03-05,1247,0,1247,1626.42857142857
2023-03-06,2139,0,2139,1639
2023-03-07,1773,0,1773,1619.14285714286
2023-03-08,1820,0,1820,1639
2023-03-09,1845,0,1845,1644
2023-03-10,1474,0,1474,1648.57142857143
2023-03-11,1175,0,1175,1667.14285714286
2023-03-12,1282,0,1282,1659.28571428571
2023-03-13,2171,0,2171,1631
2023-03-14,1903,0,1903,1625.28571428571
2023-03-15,1765,0,1765,1602.57142857143
2023-03-16,1647,0,1647,1593.14285714286
2023-03-17,1434,0,1434,1589.28571428571
2023-03-18,1016,0,1016,1571.71428571429
2023-03-19,1216,0,1216,1572
2023-03-20,2144,0,2144,1564.42857142857
2023-03-21,1780,0,1780,1574.57142857143
2023-03-22,1767,0,1767,1584.14285714286
2023-03-23,1594,0,1594,1606.71428571429
2023-03-24,1505,0,1505,1642.14285714286
2023-03-25,1083,0,1083,1660.57142857143
2023-03-26,1374,0,1374,1668.71428571429
2023-03-27,2392,0,2392,1686.28571428571
2023-03-28,1909,0,1909,1697.28571428571
2023-03-29,1824,0,1824,1716
2023-03-30,1717,0,1717,1740.57142857143
2023-03-31,1582,0,1582,1750.14285714286
2023-04-01,1214,0,1214,1783.57142857143
2023-04-02,1546,0,1546,1812.42857142857
2023-04-03,2459,0,2459,1824.71428571429
2023-04-04,2143,0,2143,1762.71428571429
2023-04-05,2026,0,2026,1767.28571428571
2023-04-06,1803,0,1803,1733.14285714286
2023-04-07,1148,0,1148,1660.71428571429
2023-04-08,1246,0,1246,1783.85714285714
2023-04-09,1307,0,1307,1843.14285714286
2023-04-10,1952,0,1952,1906.71428571429
2023-04-11,3005,0,3005,2003.42857142857
2023-04-12,2441,0,2441,1999.85714285714
2023-04-13,2248,0,2248,2028.71428571429
2023-04-14,1825,0,1825,2142.85714285714
2023-04-15,1221,0,1221,2015.71428571429
2023-04-16,1509,0,1509,1961.42857142857
2023-04-17,2751,0,2751,1886.57142857143
2023-04-18,2115,0,2115,1838.85714285714
2023-04-19,2061,0,2061,1814.57142857143
2023-04-20,1724,0,1724,1767.14285714286
2023-04-21,1491,0,1491,1641.28571428571
2023-04-22,1051,0,1051,1551
2023-04-23,1177,0,1177,1553.57142857143
2023-04-24,1870,0,1870,1552.14285714286
2023-04-25,1483,0,1483,1570
2023-04-26,2079,0,2079,1558.42857142857
2023-04-27,1714,0,1714,1581.28571428571
2023-04-28,1616,0,1616,1641.85714285714
2023-04-29,970,0,970,1709.71428571429
2023-04-30,1337,0,1337,1683.57142857143
2023-05-01,2294,1,2293,1703.57142857143
2023-05-02,1958,0,1958,1701.14285714286
2023-05-03,1896,0,1896,1737
2023-05-04,1854,0,1854,1748.42857142857
2023-05-05,1599,0,1599,1768.57142857143
2023-05-06,1221,0,1221,1768
2023-05-07,1417,0,1417,1757.28571428571
2023-05-08,2435,0,2435,1733.71428571429
2023-05-09,1954,0,1954,1706.71428571429
2023-05-10,1821,0,1821,1678.14285714286
2023-05-11,1689,0,1689,1672.42857142857
2023-05-12,1410,0,1410,1673
2023-05-13,1021,0,1021,1705.42857142857
2023-05-14,1377,0,1377,1754
2023-05-15,2439,0,2439,1780.14285714286
2023-05-16,2181,0,2181,1831.71428571429
2023-05-17,2161,0,2161,1864.85714285714
2023-05-18,1872,0,1872,1892.14285714286
2023-05-19,1771,0,1771,1949.85714285714
2023-05-20,1253,0,1253,1988
2023-05-21,1568,0,1568,1998.85714285714
2023-05-22,2843,0,2843,2006.28571428571
2023-05-23,2448,0,2448,1992
2023-05-24,2237,0,2237,1979
2023-05-25,1924,0,1924,1983
2023-05-26,1671,0,1671,1960.57142857143
2023-05-27,1162,0,1162,1920.71428571429
2023-05-28,1596,0,1596,1888.57142857143
2023-05-29,2686,0,2686,1865.71428571429
2023-05-30,2169,0,2169,1835.42857142857
2023-05-31,2012,0,2012,1800.57142857143
2023-06-01,1764,0,1764,1713.57142857143
2023-06-02,1459,0,1459,1529.57142857143
2023-06-03,918,0,918,1518.71428571429
2023-06-04,987,0,987,1482.28571428571
2023-06-05,1398,0,1398,1444
2023-06-06,2093,0,2093,1418.42857142857
2023-06-07,1757,0,1757,1402.14285714286
2023-06-08,1496,0,1496,1410.42857142857
2023-06-09,1280,0,1280,1465.85714285714
2023-06-10,804,0,804,1381.14285714286
2023-06-11,1045,0,1045,1327
2023-06-12,1786,0,1786,1286.14285714286
2023-06-13,1500,0,1500,1247
2023-06-14,1378,0,1378,1230.57142857143
2023-06-15,1210,0,1210,1218.57142857143
2023-06-16,1006,0,1006,1183.42857142857
2023-06-17,689,0,689,1164.85714285714
2023-06-18,961,0,961,1144.57142857143
2023-06-19,1540,0,1540,1127.42857142857
2023-06-20,1370,0,1370,1126.85714285714
2023-06-21,1236,0,1236,1118.71428571429
2023-06-22,1090,0,1090,1099
2023-06-23,1002,0,1002,1077.85714285714
2023-06-24,632,0,632,1054.85714285714
2023-06-25,823,0,823,1022.28571428571
2023-06-26,1392,0,1392,1002.57142857143
2023-06-27,1209,0,1209,976.857142857143
2023-06-28,1008,0,1008,960.571428571429
2023-06-29,952,0,952,933.285714285714
2023-06-30,822,0,822,882.428571428571
2023-07-01,518,0,518,841.571428571429
2023-07-02,632,0,632,821.285714285714
2023-07-03,1036,0,1036,800
2023-07-04,923,0,923,782.714285714286
2023-07-05,866,0,866,774.428571428571
2023-07-06,803,0,803,772
2023-07-07,701,0,701,759.428571428571
2023-07-08,460,0,460,736.857142857143
2023-07-09,615,0,615,711
2023-07-10,948,0,948,680.142857142857
2023-07-11,765,0,765,633.285714285714
2023-07-12,685,0,685,626.714285714286
2023-07-13,587,0,587,615.285714285714
2023-07-14,373,0,373,603.285714285714
2023-07-15,414,0,414,586.285714285714
2023-07-16,535,0,535,572.428571428571
2023-07-17,864,0,864,566.571428571429
2023-07-18,646,0,646,570.714285714286
2023-07-19,588,0,588,557.285714285714
2023-07-20,546,0,546,535.714285714286
2023-07-21,402,0,402,508.571428571429
2023-07-22,320,0,320,503
2023-07-23,384,0,384,497.857142857143
2023-07-24,674,0,674,493.714285714286
2023-07-25,607,0,607,503
2023-07-26,552,0,552,507
2023-07-27,517,0,517,516
2023-07-28,467,0,467,541.142857142857
2023-07-29,348,0,348,572.142857142857
2023-07-30,447,0,447,597
2023-07-31,850,0,850,614.285714285714
2023-08-01,824,0,824,637.142857142857
2023-08-02,726,0,726,646.857142857143
2023-08-03,638,0,638,660.285714285714
2023-08-04,627,0,627,681.142857142857
2023-08-05,416,0,416,693.285714285714
2023-08-06,541,0,541,718.714285714286
2023-08-07,996,0,996,734.428571428571
2023-08-08,909,0,909,738.285714285714
2023-08-09,904,0,904,747.285714285714
2023-08-10,748,0,748,765
2023-08-11,654,0,654,791.428571428571
2023-08-12,479,0,479,743.714285714286
2023-08-13,665,0,665,689.714285714286
2023-08-14,1181,0,1181,650.285714285714
2023-08-15,575,0,575,618.142857142857
2023-08-16,526,0,526,597.285714285714
2023-08-17,472,0,472,562.857142857143
2023-08-18,429,0,429,500.571428571429
2023-08-19,333,0,333,508.571428571429
2023-08-20,424,0,424,506.285714285714
2023-08-21,745,0,745,504.857142857143
2023-08-22,631,0,631,503
2023-08-23,510,0,510,503.714285714286
2023-08-24,462,0,462,497.857142857143
2023-08-25,416,0,416,484.857142857143
2023-08-26,338,0,338,477.428571428571
2023-08-27,383,0,383,486.857142857143
2023-08-28,654,0,654,497.142857142857
2023-08-29,579,0,579,506.285714285714
2023-08-30,576,0,576,514.142857142857
2023-08-31,534,0,534,518
2023-09-01,480,0,480,516.285714285714
2023-09-02,393,0,393,512.142857142857
2023-09-03,410,0,410,502.714285714286
2023-09-04,642,0,642,503.285714285714
2023-09-05,550,0,550,495.714285714286
2023-09-06,510,0,510,490.857142857143
2023-09-07,538,0,538,496.571428571429
2023-09-08,427,0,427,492.285714285714
2023-09-09,359,0,359,479.428571428571
2023-09-10,450,0,450,472.285714285714
2023-09-11,612,0,612,461
2023-09-12,460,0,460,459
2023-09-13,460,0,460,450.714285714286
2023-09-14,459,0,459,438.857142857143
2023-09-15,413,0,413,435.857142857143
2023-09-16,301,0,301,435
2023-09-17,367,0,367,438.285714285714
2023-09-18,591,0,591,433.428571428571
2023-09-19,454,0,454,432.428571428571
2023-09-20,483,0,483,432.857142857143
2023-09-21,425,0,425,427.428571428571
2023-09-22,406,0,406,412
2023-09-23,304,0,304,416.428571428571
2023-09-24,329,0,329,404.285714285714
2023-09-25,483,0,483,405
2023-09-26,485,0,485,406.857142857143
2023-09-27,398,0,398,409.142857142857
2023-09-28,430,0,430,422.285714285714
2023-09-29,419,0,419,444.714285714286
2023-09-30,320,0,320,455.571428571429
2023-10-01,421,0,421,482.857142857143
2023-10-02,640,0,640,494.571428571429
2023-10-03,561,0,561,505.571428571429
2023-10-04,589,0,589,515
2023-10-05,512,0,512,511.142857142857
2023-10-06,496,0,496,520.142857142857
2023-10-07,386,0,386,528.285714285714
2023-10-08,394,0,394,532.571428571429
2023-10-09,703,0,703,541
2023-10-10,618,0,618,537.428571428571
2023-10-11,619,0,619,542
2023-10-12,571,0,571,543.571428571429
2023-10-13,471,0,471,545.142857142857
2023-10-14,418,0,418,558.142857142857
2023-10-15,405,0,405,566.571428571429
2023-10-16,714,0,714,569.857142857143
2023-10-17,709,0,709,577.571428571429
2023-10-18,678,0,678,572.714285714286
2023-10-19,594,0,594,575.142857142857
2023-10-20,525,0,525,552.428571428571
2023-10-21,384,0,384,572.571428571429
2023-10-22,422,0,422,578
2023-10-23,555,0,555,598.571428571429
2023-10-24,850,0,850,592.714285714286
2023-10-25,716,0,716,NA
2023-10-26,738,0,738,NA
2023-10-27,484,0,484,NA
